 u,v,w,pre,tem
   0.0000000000000000        0.0000000000000000        0.0000000000000000        17.857143458424083        1.0069228454941106     
   2.3055572906401985E-007  -3.0292258760486847E-029   1.1312770229944771E-002   17.857143566060831        1.0069220788001152     
   8.3334400871112186E-007   1.9311314959810369E-029   2.2693598099881480E-002   17.857143492605008        1.0069197560310812     
   1.7920847261029503E-006  -4.6700565589083901E-029   3.4144484854914406E-002   17.857143596825292        1.0069158521542514     
   3.1837257041189727E-006   1.5146129380243426E-029   4.5666097012762821E-002   17.857143496647101        1.0069103336323320     
   4.9464175105505807E-006  -4.4807299416553474E-029   5.7259310251439093E-002   17.857143554036849        1.0069031746339461     
   7.1585466728869359E-006   1.0097419586828954E-029   6.8924943029797334E-002   17.857143420510472        1.0068943403603903     
   9.7631926560554726E-006   8.3303711591338865E-030   8.0663733418654848E-002   17.857143469739668        1.0068838043156043     
   1.2837466830486559E-005   4.1525638050834062E-029   9.2476334666108745E-002   17.857143365665319        1.0068715303002069     
   1.6324998315344537E-005  -1.6408306828597046E-029  0.10436330839486037        17.857143436406385        1.0068574903967795     
   2.0291657468443745E-005   5.7744618262178059E-030  0.11632511890395866        17.857143369408746        1.0068416473997908     
   2.4691855487271007E-005   4.8199401309003824E-030  0.12836212608248057        17.857143427289103        1.0068239718090231     
   2.9578314727666519E-005  -5.5220263365470819E-030  0.14047457879961198        17.857143382281283        1.0068044267633995     
   3.4924014033204882E-005   3.7135627113279127E-030  0.15266260709434418        17.857143415806661        1.0067829810540501     
   4.0764586413024420E-005   3.2787031373248303E-030  0.16492621507716246        17.857143391929089        1.0067595986533293     
   4.7089432342079308E-005   7.1219348599484473E-031  0.17726527264050726        17.857143407554631        1.0067342469067362     
   5.3920095870096176E-005   2.3604197398409970E-031  0.18967950659426433        17.857143397639064        1.0067068906319818     
   6.1257046587728575E-005   4.2824978243394575E-031  0.20216849334262499        17.857143403300707        1.0066774964988370     
   6.9113749173347654E-005  -1.6207856039985221E-031  0.21473164857086610        17.857143399982817        1.0066460303148959     
   7.7496039561047504E-005   6.7886623127219582E-032  0.22736821841049312        17.857143401613673        1.0066124588325129     
   8.6413802077466524E-005  -8.0565019951120753E-032  0.24007726989277192        17.857143400632733        1.0065767489602122     
   9.5874626063056117E-005  -3.3549486866748153E-033  0.25285768059549796        17.857143401025422        1.0065388683923504     
   1.0588704410896145E-004  -3.2016475555581369E-035  0.26570812887402839        17.857143400701542        1.0064987855176961     
   1.1645895062870144E-004   3.7310080589941909E-033  0.27862708325355329        17.857143400891072        1.0064564697401006     
   1.2759795650276484E-004   8.1613536663666096E-034  0.29161279240773164        17.857143400557757        1.0064118915762899     
   1.3931168125834640E-004   2.4423216731161220E-034  0.30466327087077250        17.857143400722322        1.0063650227575449     
   1.5160696945352834E-004  -3.4052960116604441E-034  0.31777629229398002        17.857143400101862        1.0063158365897116     
   1.6449087948940916E-004   2.2889170767772202E-036  0.33094937817042613        17.857143400518918        1.0062643082496727     
   1.7796917711118234E-004   5.1345474842657702E-037  0.34417978208658107        17.857143399730731        1.0062104146485673     
   1.9204809774773496E-004  -1.0589323837267057E-035  0.35746448387071694        17.857143400580448        1.0061541350988876     
   2.0673224945597505E-004  -8.3662098663246968E-039  0.37080017120984493        17.857143399652831        1.0060954510771920     
   2.2202685429559727E-004   1.0538110833659623E-040  0.38418323907930685        17.857143400387969        1.0060343470983582     
   2.3793535751418871E-004  -3.9300927779683436E-041  0.39760976640021295        17.857143399616024        1.0059708103398586     
   2.5446119077146757E-004  -2.9243627617596243E-042  0.41107552026967359        17.857143399877046        1.0059048315737684     
   2.7160641101233558E-004  -3.8851273620476594E-043  0.42457592928946652        17.857143400276549        1.0058364048485908     
   2.8937226718624110E-004  -5.2814742191017495E-044  0.43810608377763205        17.857143400002116        1.0057655281317728     
   3.0775967628851586E-004  -1.0708909566854512E-047  0.45166072917848549        17.857143401066391        1.0056922037016487     
   3.2676666239415416E-004  -7.3807565849732095E-049  0.46523425065521329        17.857143399718279        1.0056164381581403     
   3.4639364776824179E-004   1.1703247437213093E-051  0.47882066877591856        17.857143400588775        1.0055382430438118     
   3.6663454868399831E-004  -3.2750984897666738E-052  0.49241362950372913        17.857143398711543        1.0054576348411990     
   3.8748822842326074E-004   2.0692479691160507E-054  0.50600640569864996        17.857143399265993        1.0053746356881594     
   4.0894530801506573E-004  -1.8152784298380410E-057  0.51959189221646107        17.857143396198211        1.0052892733883023     
   4.3100135233961785E-004  -2.9704931438523077E-059  0.53316259833287616        17.857143397161725        1.0052015819631293     
   4.5364520482752622E-004   6.8313896563156977E-061  0.54671065028684784        17.857143393145158        1.0051116016501906     
   4.7686746442355009E-004  -2.6457359501482827E-064  0.56022778664791606        17.857143396965775        1.0050193796210483     
   5.0065450975297584E-004   2.5693145776201875E-066  0.57370537959002899        17.857143392435944        1.0049249697831821     
   5.2499373738793627E-004   5.2427769794053658E-069  0.58713442386289527        17.857143397438783        1.0048284337117166     
   5.4986798946079921E-004  -2.8729628817750156E-072  0.60050554602353168        17.857143392530919        1.0047298399700901     
   5.7526056390213806E-004  -7.6707318972754868E-075  0.61380901259021614        17.857143396995379        1.0046292653519118     
   6.0114971995848274E-004  -1.4155653061660077E-080  0.62703477381881412        17.857143392905158        1.0045267942114635     
   6.2751302911489095E-004  -1.6987070195740469E-083  0.64017243296011916        17.857143396575413        1.0044225192941652     
   6.5432697452482943E-004  -1.2231336307263559E-085  0.65321131233345708        17.857143392435589        1.0043165412161514     
   6.8156220910902906E-004   9.4866952872496089E-089  0.66614042181848032        17.857143396659076        1.0042089691644025     
   7.0919220457578988E-004   1.0985050321317621E-092  0.67894855748459904        17.857143389768577        1.0040999202181318     
   7.3718499870590681E-004   3.5641718802992541E-095  0.69162427917676950        17.857143393214823        1.0039895202272300     
   7.6550740874506721E-004   1.5285995410179397E-097  0.70415595687622545        17.857143385524466        1.0038779025437801     
   7.9412379782677436E-004   6.0003119388533876E-101  0.71653181753405504        17.857143394622746        1.0037652092326890     
   8.2299310583307109E-004   8.3357312285367796E-104  0.72873998416596375        17.857143387398985        1.0036515891680087     
   8.5208022398741321E-004  -1.5083631197990158E-107  0.74076852418461914        17.857143398373839        1.0035371996668314     
   8.8133739889204379E-004  -2.7705823900524480E-110  0.75260548249308601        17.857143385407340        1.0034222039660958     
   9.1072862110984452E-004   2.9588247368454033E-113  0.76423895780220763        17.857143399658156        1.0033067732848537     
   9.4019671632886029E-004   7.1917907143327739E-116  0.77565717527010603        17.857143386860798        1.0031910832672495     
   9.6970347529121614E-004  -1.7494897426539646E-119  0.78684848843340993        17.857143401598918        1.0030753166464341     
   9.9919142567827840E-004  -2.6274346675506118E-122  0.79780149170990211        17.857143386590263        1.0029596592715913     
   1.0286144373891446E-003  -2.0891016341920264E-125  0.80850509320764541        17.857143401185933        1.0028443025054823     
   1.0579197293799935E-003   5.3849136336683162E-129  0.81894852048198374        17.857143387181214        1.0027294393413277     
   1.0870510768211158E-003  -2.0008153504417508E-132  0.82912148226877613        17.857143400685651        1.0026152663336148     
   1.1159620150054004E-003  -1.9036733227595968E-136  0.83901415692533887        17.857143389834700        1.0025019798669907     
   1.1445869076741927E-003   2.1811994686784216E-141  0.84861729719484824        17.857143400956730        1.0023897778659672     
   1.1728848934789682E-003  -2.9869643402515135E-144  0.85792233999148837        17.857143392199468        1.0022788558040254     
   1.2007879903794215E-003   6.4409981492679194E-149  0.86692137254373003        17.857143401112946        1.0021694086236801     
   1.2282537833618883E-003  -1.5590803791394258E-151  0.87560731715467555        17.857143394366265        1.0020616265918276     
   1.2552233611573867E-003  -1.2572031079169177E-154  0.88397393854763062        17.857143394241774        1.0019556964137375     
   1.2816480198176547E-003   7.8169468779826292E-159  0.89201587264450477        17.857143398066135        1.0018517989960760     
   1.3074742930671999E-003  -1.5632169464151163E-162  0.89972873448101243        17.857143395690962        1.0017501082138647     
   1.3326590956919677E-003   2.9684108711767762E-170  0.90710918223369597        17.857143395309219        1.0016507899555693     
   1.3571564698848975E-003  -7.7628952549482139E-174  0.91415489848534115        17.857143393106657        1.0015540010749597     
   1.3809205092734889E-003  -1.8952380993525913E-177  0.92086462830340599        17.857143398825006        1.0014598886683717     
   1.4039143148909319E-003   1.4120624209587211E-185  0.92723828786226559        17.857143395431386        1.0013685877522427     
   1.4261017073385379E-003   0.0000000000000000       0.93327691373416966        17.857143396027588        1.0012802217781724     
   1.4474518330025558E-003   0.0000000000000000       0.93898266638810579        17.857143396834246        1.0011949011413501     
   1.4679329119241980E-003   0.0000000000000000       0.94435881823248558        17.857143400017137        1.0011127229109080     
   1.4875249424085048E-003   0.0000000000000000       0.94940983743082208        17.857143397350008        1.0010337689387327     
   1.5062085852371385E-003   0.0000000000000000       0.95414124974163961        17.857143399265180        1.0009581069977787     
   1.5239666909685613E-003   0.0000000000000000       0.95855960878083823        17.857143400813698        1.0008857898501120     
   1.5407916396936220E-003   0.0000000000000000       0.96267254721469608        17.857143398361359        1.0008168542029756     
   1.5566796394875066E-003   0.0000000000000000       0.96648863348534775        17.857143399812220        1.0007513217266142     
   1.5716273312167881E-003   0.0000000000000000       0.97001727143264205        17.857143398611314        1.0006891991552695     
   1.5856439863899739E-003   0.0000000000000000       0.97326876796211492        17.857143399933836        1.0006304771107937     
   1.5987366877253052E-003   0.0000000000000000       0.97625408009604542        17.857143398017250        1.0005751321959842     
   1.6109212298600307E-003   0.0000000000000000       0.97898483463616381        17.857143401254163        1.0005231264216361     
   1.6222162394378431E-003   0.0000000000000000       0.98147317492714681        17.857143398460764        1.0004744080321921     
   1.6326438550907209E-003   0.0000000000000000       0.98373168243600573        17.857143401470772        1.0004289125270294     
   1.6422322837063787E-003   0.0000000000000000       0.98577324353727847        17.857143399168052        1.0003865631988496     
   1.6510100508960971E-003   0.0000000000000000       0.98761098828305216        17.857143401419769        1.0003472720374942     
   1.6590122003183666E-003   0.0000000000000000       0.98925810690135318        17.857143400191202        1.0003109413136670     
   1.6662733741213357E-003   0.0000000000000000       0.99072782682180804        17.857143401512069        1.0002774638799110     
   1.6728324170110585E-003   0.0000000000000000       0.99203325709230672        17.857143401102547        1.0002467247569500     
   1.6787287857017521E-003   0.0000000000000000       0.99318729895109437        17.857143401419165        1.0002186024804995     
   1.6840036476953079E-003   0.0000000000000000       0.99420255934497992        17.857143401135357        1.0001929700748629     
   1.6886987563925451E-003   0.0000000000000000       0.99509126743218446        17.857143401347042        1.0001696963720752     
   1.6928562676521001E-003   0.0000000000000000       0.99586520553102709        17.857143401340416        1.0001486470436705     
   1.6965183930762286E-003   0.0000000000000000       0.99653563169453196        17.857143402015492        1.0001296860852404     
   1.6997265675166334E-003   0.0000000000000000       0.99711322784008094        17.857143401852227        1.0001126768767812     
   1.7025215248515197E-003   0.0000000000000000       0.99760806470474028        17.857143402225990        1.0000974831689269     
   1.7049420703472774E-003   0.0000000000000000       0.99802956010421595        17.857143401872108        1.0000839702385038     
   1.7070259232627475E-003   0.0000000000000000       0.99838645859886432        17.857143402056522        1.0000720058897810     
   1.7088096992545366E-003   0.0000000000000000       0.99868681201528320        17.857143401759235        1.0000614614993368     
   1.7103266843391976E-003   0.0000000000000000       0.99893800168555558        17.857143402062299        1.0000522122444031     
   1.7116082790144412E-003   0.0000000000000000       0.99914671530091292        17.857143401885114        1.0000441385629231     
   1.7126843679724872E-003   0.0000000000000000       0.99931898951542131        17.857143402024544        1.0000371260802559     
   1.7135817224724372E-003   0.0000000000000000       0.99946021566804899        17.857143401843160        1.0000310665610193     
   1.7143246288769760E-003   0.0000000000000000       0.99957517627652726        17.857143401941091        1.0000258581447052     
   1.7149354592158736E-003   0.0000000000000000       0.99966808262219586        17.857143401789624        1.0000214054900807     
   1.7154339862316095E-003   0.0000000000000000       0.99974260903021117        17.857143402007512        1.0000176201339643     
   1.7158379158672315E-003   0.0000000000000000       0.99980193540536932        17.857143402094938        1.0000144205079180     
   1.7161626981689979E-003   0.0000000000000000       0.99984879199556942        17.857143402244834        1.0000117318842767     
   1.7164216458596369E-003   0.0000000000000000       0.99988550203268078        17.857143402130198        1.0000094862938873     
   1.7166265399925441E-003   0.0000000000000000       0.99991402390731776        17.857143402222295        1.0000076224314329     
   1.7167873740822851E-003   0.0000000000000000       0.99993599575414116        17.857143402080649        1.0000060852640820     
   1.7169124509573345E-003   0.0000000000000000       0.99995277333054011        17.857143402098483        1.0000048258828396     
   1.7170089431875247E-003   0.0000000000000000       0.99996546940950470        17.857143402028402        1.0000038010486938     
   1.7170827006405573E-003   0.0000000000000000       0.99997498812317831        17.857143402052561        1.0000029728678681     
   1.7171386070513042E-003   0.0000000000000000       0.99998205675144802        17.857143402099883        1.0000023083851866     
   1.7171805692896324E-003   0.0000000000000000       0.99998725467704719        17.857143402085800        1.0000017791526266     
   1.7172117669841810E-003   0.0000000000000000       0.99999103867255501        17.857143402105827        1.0000013608134337     
   1.7172347465098411E-003   0.0000000000000000       0.99999376486518166        17.857143402072641        1.0000010326993458     
   1.7172514963929826E-003   0.0000000000000000       0.99999570817076444        17.857143402083370        1.0000007773975728     
   1.7172635932044380E-003   0.0000000000000000       0.99999707832942997        17.857143402079807        1.0000005803743397     
   1.7172722385165658E-003   0.0000000000000000       0.99999803356932526        17.857143402095645        1.0000004296046874     
   1.7172783550748118E-003   0.0000000000000000       0.99999869186740553        17.857143402097879        1.0000003152284389     
   1.7172826357696981E-003   0.0000000000000000       0.99999914018631142        17.857143402102913        1.0000002292283652     
   1.7172856003365960E-003   0.0000000000000000       0.99999944179319478        17.857143402100156        1.0000001651549826     
   1.7172876313999792E-003   0.0000000000000000       0.99999964216884119        17.857143402101631        1.0000001178652649     
   1.7172890083265069E-003   0.0000000000000000       0.99999977358755399        17.857143402099300        1.0000000832983038     
   1.7172899313240371E-003   0.0000000000000000       0.99999985864727958        17.857143402100533        1.0000000582807358     
   1.7172905438005265E-003   0.0000000000000000       0.99999991295718149        17.857143402099435        1.0000000403584397     
   1.7172909455085558E-003   0.0000000000000000       0.99999994715234708        17.857143402100093        1.0000000276530874     
   1.7172912063107219E-003   0.0000000000000000       0.99999996837631866        17.857143402099375        1.0000000187424050     
   1.7172913736587781E-003   0.0000000000000000       0.99999998135674695        17.857143402099720        1.0000000125617878     
   1.7172914800668614E-003   0.0000000000000000       0.99999998917622568        17.857143402099496        1.0000000083231972     
   1.7172915469087541E-003   0.0000000000000000       0.99999999381413041        17.857143402099634        1.0000000054501115     
   1.7172915885119502E-003   0.0000000000000000       0.99999999652134575        17.857143402099556        1.0000000035258465     
   1.7172916141226439E-003   0.0000000000000000       0.99999999807596041        17.857143402099606        1.0000000022527780     
   1.7172916297455805E-003   0.0000000000000000       0.99999999895378322        17.857143402099592        1.0000000014211152     
   1.7172916391718415E-003   0.0000000000000000       0.99999999944097528        17.857143402099606        1.0000000008847973     
   1.7172916448118037E-003   0.0000000000000000       0.99999999970661202        17.857143402099606        1.0000000005435155     
   1.7172916481506078E-003   0.0000000000000000       0.99999999984883570        17.857143402099609        1.0000000003292904     
   1.7172916501093996E-003   0.0000000000000000       0.99999999992357580        17.857143402099606        1.0000000001966893     
   1.7172916512475577E-003   0.0000000000000000       0.99999999996210509        17.857143402099609        1.0000000001157883     
   1.7172916519025015E-003   0.0000000000000000       0.99999999998158051        17.857143402099609        1.0000000000671507     
   1.7172916522758493E-003   0.0000000000000000       0.99999999999122835        17.857143402099609        1.0000000000383511     
   1.7172916524863264E-003   0.0000000000000000       0.99999999999590961        17.857143402099609        1.0000000000215610     
   1.7172916526035373E-003   0.0000000000000000       0.99999999999813294        17.857143402099606        1.0000000000119271     
   1.7172916526690201E-003   0.0000000000000000       0.99999999999916667        17.857143402099609        1.0000000000064899     
   1.7172916527036625E-003   0.0000000000000000       0.99999999999963607        17.857143402099609        1.0000000000034712     
   1.7172916527232491E-003   0.0000000000000000       0.99999999999984501        17.857143402099606        1.0000000000018243     
   1.7172916527338031E-003   0.0000000000000000       0.99999999999993550        17.857143402099609        1.0000000000009421     
   1.7172916527384953E-003   0.0000000000000000       0.99999999999997358        17.857143402099609        1.0000000000004778     
   1.7172916527414702E-003   0.0000000000000000       0.99999999999998956        17.857143402099609        1.0000000000002378     
   1.7172916527420556E-003   0.0000000000000000       0.99999999999999589        17.857143402099609        1.0000000000001157     
   1.7172916527432300E-003   0.0000000000000000       0.99999999999999800        17.857143402099609        1.0000000000000553     
   1.7172916527442531E-003   0.0000000000000000       0.99999999999999911        17.857143402099609        1.0000000000000255     
   1.7172916527434579E-003   0.0000000000000000       0.99999999999999978        17.857143402099609        1.0000000000000118     
   1.7172916527440293E-003   0.0000000000000000       0.99999999999999967        17.857143402099606        1.0000000000000051     
   1.7172916527441349E-003   0.0000000000000000       0.99999999999999978        17.857143402099609        1.0000000000000020     
   1.7172916527439393E-003   0.0000000000000000        1.0000000000000000        17.857143402099609        1.0000000000000007     
   1.7172916527442529E-003   0.0000000000000000        1.0000000000000000        17.857143402099606        1.0000000000000002     
   1.7172916527440994E-003   0.0000000000000000       0.99999999999999978        17.857143402099606       0.99999999999999978     
   1.7172916527439872E-003   0.0000000000000000       0.99999999999999978        17.857143402099606       0.99999999999999978     
   1.7172916527440183E-003   0.0000000000000000       0.99999999999999978        17.857143402099606       0.99999999999999978     
   1.7172916527439925E-003   0.0000000000000000       0.99999999999999978        17.857143402099606       0.99999999999999978     
   1.7172916527439966E-003   0.0000000000000000       0.99999999999999978        17.857143402099606       0.99999999999999978     
   1.7172916527439961E-003   0.0000000000000000       0.99999999999999978        17.857143402099606       0.99999999999999978     
   1.7172916527439961E-003   0.0000000000000000       0.99999999999999978        17.857143402099606       0.99999999999999978     
   1.7172916527439961E-003   0.0000000000000000       0.99999999999999978        17.857143402099606       0.99999999999999978     
   1.7172916527439961E-003   0.0000000000000000       0.99999999999999978        17.857143402099606       0.99999999999999978     
   1.7172916527439961E-003   0.0000000000000000       0.99999999999999978        17.857143402099606       0.99999999999999978     
   1.7172916527439961E-003   0.0000000000000000       0.99999999999999978        17.857143402099606       0.99999999999999978     
   1.7172916527439961E-003   0.0000000000000000       0.99999999999999978        17.857143402099606       0.99999999999999978     
   1.7172916527439961E-003   0.0000000000000000       0.99999999999999978        17.857143402099606       0.99999999999999978     
   1.7172916527439961E-003   0.0000000000000000       0.99999999999999978        17.857143402099606       0.99999999999999978     
   1.7172916527439961E-003   0.0000000000000000       0.99999999999999978        17.857143402099606       0.99999999999999978     
   1.7172916527439964E-003   0.0000000000000000       0.99999999999999978        17.857143402099606       0.99999999999999978     
   1.7172916527439961E-003   0.0000000000000000       0.99999999999999978        17.857143402099606       0.99999999999999978     
   1.7172916527439961E-003   0.0000000000000000       0.99999999999999978        17.857143402099606       0.99999999999999978     
   1.7172916527439961E-003   0.0000000000000000       0.99999999999999978        17.857143402099606       0.99999999999999978     
   1.7172916527439961E-003   0.0000000000000000       0.99999999999999978        17.857143402099606       0.99999999999999978     
   1.7172916527439964E-003   0.0000000000000000       0.99999999999999978        17.857143402099606       0.99999999999999978     
   1.7172916527439961E-003   0.0000000000000000       0.99999999999999978        17.857143402099606       0.99999999999999978     
   1.7172916527439961E-003   0.0000000000000000       0.99999999999999978        17.857143402099606       0.99999999999999978     
   1.7172916527439961E-003   0.0000000000000000       0.99999999999999978        17.857143402099606       0.99999999999999978     
   1.7172916527439961E-003   0.0000000000000000       0.99999999999999978        17.857143402099606       0.99999999999999978     
   1.7172916527439961E-003   0.0000000000000000       0.99999999999999978        17.857143402099606       0.99999999999999978     
   1.7172916527439961E-003   0.0000000000000000       0.99999999999999978        17.857143402099606       0.99999999999999978     
   1.7172916527439961E-003   0.0000000000000000       0.99999999999999978        17.857143402099606       0.99999999999999978     
   1.7172916527439961E-003   0.0000000000000000       0.99999999999999978        17.857143402099606       0.99999999999999978     
   1.7172916527439961E-003   0.0000000000000000       0.99999999999999978        17.857143402099606       0.99999999999999978     
   1.7172916527439961E-003   0.0000000000000000       0.99999999999999978        17.857143402099606       0.99999999999999978     
   1.7172916527439961E-003   0.0000000000000000       0.99999999999999978        17.857143402099606       0.99999999999999978     
   1.7172916527439961E-003   0.0000000000000000       0.99999999999999978        17.857143402099606       0.99999999999999978     
   1.7172916527439961E-003   0.0000000000000000       0.99999999999999978        17.857143402099606       0.99999999999999978     
   1.7172916527439961E-003   0.0000000000000000       0.99999999999999978        17.857143402099606       0.99999999999999978     
   1.7172916527439961E-003   0.0000000000000000       0.99999999999999978        17.857143402099606       0.99999999999999978     
   1.7172916527439961E-003   0.0000000000000000       0.99999999999999978        17.857143402099606       0.99999999999999978     
   1.7172916527439961E-003   0.0000000000000000       0.99999999999999978        17.857143402099606       0.99999999999999978     
   1.7172916527439961E-003   0.0000000000000000       0.99999999999999978        17.857143402099606       0.99999999999999978     
   1.7172916527439961E-003   0.0000000000000000       0.99999999999999978        17.857143402099606       0.99999999999999978     
   1.7172916527439961E-003   0.0000000000000000       0.99999999999999978        17.857143402099606       0.99999999999999978     
   1.7172916527439961E-003   0.0000000000000000       0.99999999999999978        17.857143402099606       0.99999999999999978     
   1.7172916527439961E-003   0.0000000000000000       0.99999999999999978        17.857143402099606       0.99999999999999978     
   1.7172916527439961E-003   0.0000000000000000       0.99999999999999978        17.857143402099606       0.99999999999999978     
   1.7172916527439961E-003   0.0000000000000000       0.99999999999999978        17.857143402099606       0.99999999999999978     
   1.7172916527439961E-003   0.0000000000000000       0.99999999999999978        17.857143402099606       0.99999999999999978     
   1.7172916527439961E-003   0.0000000000000000       0.99999999999999978        17.857143402099606       0.99999999999999978     
   1.7172916527439961E-003   0.0000000000000000       0.99999999999999978        17.857143402099606       0.99999999999999978     
   1.7172916527439961E-003   0.0000000000000000       0.99999999999999978        17.857143402099606       0.99999999999999978     
   1.7172916527439961E-003   0.0000000000000000       0.99999999999999978        17.857143402099606       0.99999999999999978     
   1.7172916527439961E-003   0.0000000000000000       0.99999999999999978        17.857143402099606       0.99999999999999978     
   1.7172916527439961E-003   0.0000000000000000       0.99999999999999978        17.857143402099606       0.99999999999999978     
   1.7172916527439961E-003   0.0000000000000000       0.99999999999999978        17.857143402099606       0.99999999999999978     
   1.7172916527439961E-003   0.0000000000000000       0.99999999999999978        17.857143402099606       0.99999999999999978     
   1.7172916527439961E-003   0.0000000000000000       0.99999999999999978        17.857143402099606       0.99999999999999978     
   1.7172916527439961E-003   0.0000000000000000       0.99999999999999978        17.857143402099606       0.99999999999999978     
   1.7172916527439961E-003   1.1491393399729176E-189  0.99999999999999978        17.857143402099606       0.99999999999999978     
   1.7172916527439961E-003  -1.3487693354806030E-189  0.99999999999999978        17.857143402099606       0.99999999999999978     
   1.7172916527439961E-003   2.1463923368242546E-183  0.99999999999999978        17.857143402099606       0.99999999999999978     
   1.7172916527439961E-003   4.6585586673585997E-181  0.99999999999999978        17.857143402099606       0.99999999999999978     
   1.7172916527439961E-003   2.7488886499288459E-177  0.99999999999999978        17.857143402099606       0.99999999999999978     
   1.7172916527439961E-003  -7.0664248665314397E-177  0.99999999999999978        17.857143402099606       0.99999999999999978     
   1.7172916527439961E-003  -1.0055564783735044E-172  0.99999999999999978        17.857143402099606       0.99999999999999978     
   1.7172916527439961E-003  -5.4892079255676733E-170  0.99999999999999978        17.857143402099606       0.99999999999999978     
   1.7172916527439961E-003   7.8854454947063292E-169  0.99999999999999978        17.857143402099606       0.99999999999999978     
   1.7172916527439961E-003   1.1602722833699279E-164  0.99999999999999978        17.857143402099606       0.99999999999999978     
   1.7172916527439961E-003   7.0689614175737436E-163  0.99999999999999978        17.857143402099606       0.99999999999999978     
   1.7172916527439961E-003  -1.5655640048613861E-161  0.99999999999999978        17.857143402099606       0.99999999999999978     
   1.7172916527439961E-003   9.7529225800491886E-157  0.99999999999999978        17.857143402099606       0.99999999999999978     
   1.7172916527439961E-003   7.6852042190576422E-156  0.99999999999999978        17.857143402099606       0.99999999999999978     
   1.7172916527439961E-003   1.1227775848754375E-152  0.99999999999999978        17.857143402099606       0.99999999999999978     
   1.7172916527439961E-003  -2.3657313505859418E-149  0.99999999999999978        17.857143402099606       0.99999999999999978     
   1.7172916527439961E-003   3.6889003674899564E-148  0.99999999999999978        17.857143402099606       0.99999999999999978     
   1.7172916527439961E-003  -1.0292343485904247E-144  0.99999999999999978        17.857143402099606       0.99999999999999978     
   1.7172916527439961E-003  -5.2068691218474883E-142  0.99999999999999978        17.857143402099606       0.99999999999999978     
   1.7172916527439961E-003  -3.9336274080768368E-141  0.99999999999999978        17.857143402099606       0.99999999999999978     
   1.7172916527439961E-003  -8.2254548177272337E-138  0.99999999999999978        17.857143402099606       0.99999999999999978     
   1.7172916527439961E-003  -2.6022148561346438E-135  0.99999999999999978        17.857143402099606       0.99999999999999978     
   1.7172916527439961E-003   6.1193272678526088E-134  0.99999999999999978        17.857143402099606       0.99999999999999978     
   1.7172916527439961E-003  -6.7902371356813407E-131  0.99999999999999978        17.857143402099606       0.99999999999999978     
   1.7172916527439961E-003   3.4095714739217818E-128  0.99999999999999978        17.857143402099606       0.99999999999999978     
   1.7172916527439961E-003   1.4917050847156593E-127  0.99999999999999978        17.857143402099606       0.99999999999999978     
   1.7172916527439961E-003  -4.2705570909626910E-123  0.99999999999999978        17.857143402099606       0.99999999999999978     
   1.7172916527439961E-003  -2.1080716774571971E-120  0.99999999999999978        17.857143402099606       0.99999999999999978     
   1.7172916527439961E-003  -2.4747856995892617E-121  0.99999999999999978        17.857143402099606       0.99999999999999978     
   1.7172916527439961E-003  -9.9843225673193160E-117  0.99999999999999978        17.857143402099606       0.99999999999999978     
   1.7172916527439961E-003   3.4781386782573702E-114  0.99999999999999978        17.857143402099606       0.99999999999999978     
   1.7172916527439961E-003  -3.0212455661128904E-113  0.99999999999999978        17.857143402099606       0.99999999999999978     
   1.7172916527439961E-003  -1.5821841360733311E-109  0.99999999999999978        17.857143402099606       0.99999999999999978     
   1.7172916527439964E-003   2.4505134630894859E-107  0.99999999999999978        17.857143402099606       0.99999999999999978     
   1.7172916527439961E-003   2.0951019531679058E-106  0.99999999999999978        17.857143402099606       0.99999999999999978     
   1.7172916527439961E-003  -9.5475551426714973E-102  0.99999999999999978        17.857143402099606       0.99999999999999978     
   1.7172916527439961E-003   4.1774904605784659E-100  0.99999999999999978        17.857143402099606       0.99999999999999978     
   1.7172916527439961E-003  -2.6572498920925305E-099  0.99999999999999978        17.857143402099606       0.99999999999999978     
   1.7172916527439961E-003   4.3695880957263255E-095  0.99999999999999978        17.857143402099606       0.99999999999999978     
   1.7172916527439961E-003  -2.1678964716804490E-093  0.99999999999999978        17.857143402099606       0.99999999999999978     
   1.7172916527439961E-003   2.1842969144443795E-092  0.99999999999999978        17.857143402099606       0.99999999999999978     
   1.7172916527439961E-003   1.7916048896812033E-088  0.99999999999999978        17.857143402099606       0.99999999999999978     
   1.7172916527439961E-003  -5.2856632881633477E-087  0.99999999999999978        17.857143402099606       0.99999999999999978     
   1.7172916527439961E-003   2.8822056559552048E-084  0.99999999999999978        17.857143402099606       0.99999999999999978     
   1.7172916527439961E-003  -1.7187692156646012E-081  0.99999999999999978        17.857143402099606       0.99999999999999978     
   1.7172916527439961E-003  -2.2828089595807119E-077  0.99999999999999978        17.857143402099606       0.99999999999999978     
   1.7172916527439961E-003   1.1605080022016893E-076  0.99999999999999978        17.857143402099606       0.99999999999999978     
   1.7172916527439961E-003   9.2945443438690685E-072  0.99999999999999978        17.857143402099606       0.99999999999999978     
   1.7172916527439961E-003   4.3874841088711830E-070  0.99999999999999978        17.857143402099606       0.99999999999999978     
   1.7172916527439961E-003  -1.2058244055261589E-069  0.99999999999999978        17.857143402099606       0.99999999999999978     
   1.7172916527439961E-003  -1.4973420751869306E-063  0.99999999999999978        17.857143402099606       0.99999999999999978     
   1.7172916527439961E-003  -2.2726541577030354E-062  0.99999999999999978        17.857143402099606       0.99999999999999978     
   1.7172916527439961E-003   1.5051752103046737E-062  0.99999999999999978        17.857143402099606       0.99999999999999978     
   1.7172916527439961E-003  -6.5351471135024689E-057  0.99999999999999978        17.857143402099606       0.99999999999999978     
   1.7172916527439961E-003  -1.0975763270278677E-055  0.99999999999999978        17.857143402099606       0.99999999999999978     
   1.7172916527439961E-003  -3.0754494392883938E-054  0.99999999999999978        17.857143402099606       0.99999999999999978     
   1.7172916527439961E-003   4.6314345405158032E-050  0.99999999999999978        17.857143402099606       0.99999999999999978     
   1.7172916527439961E-003   8.7966880165947107E-049  0.99999999999999978        17.857143402099606       0.99999999999999978     
   1.7172916527439961E-003  -1.2313083482506082E-049  0.99999999999999978        17.857143402099606       0.99999999999999978     
   1.7172916527439961E-003   1.0178213339992362E-044  0.99999999999999978        17.857143402099606       0.99999999999999978     
   1.7172916527439964E-003   1.0346316791687654E-042  0.99999999999999978        17.857143402099606       0.99999999999999978     
   1.7172916527439944E-003   2.2198286377221843E-041  0.99999999999999978        17.857143402099606       0.99999999999999978     
   1.7172916527440074E-003   1.7489609417531318E-040  0.99999999999999978        17.857143402099606       0.99999999999999978     
   1.7172916527439595E-003   5.9869345602511330E-040  0.99999999999999978        17.857143402099606       0.99999999999999978     
   1.7172916527441887E-003  -1.8537076862670849E-035  0.99999999999999978        17.857143402099606       0.99999999999999978     
   1.7172916527425505E-003   3.4070969074614741E-039  0.99999999999999978        17.857143402099602       0.99999999999999978     
   1.7172916527522573E-003   7.4625744583174443E-036  0.99999999999999978        17.857143402099659        1.0000000000000009     
   1.7172916526848546E-003   6.3615873475540886E-035   1.0000000000000000        17.857143402099386       0.99999999999999667     
   1.7172916530602308E-003   1.2585952186570587E-033   1.0000000000000000        17.857143402101116        1.0000000000000242     
   1.7172916505786499E-003  -3.7748226909989819E-033   1.0000000000000000        17.857143402090752       0.99999999999985878     
   1.7172916529331653E-003   7.2784744458282409E-032   1.0000000000000013        17.857143402161274        1.0000000000009859     
   1.7172915590645088E-003  -3.4759183636300836E-032  0.99999999999999711        17.857143401986828       0.99999999999820111     
   1.7172918445801291E-003  -9.7868056053981793E-032   1.0000000000000446        17.857143403203846        1.0000000000176326     
   1.7172911077352473E-003  -7.7308368711659156E-031  0.99999999999971889        17.857143395598584       0.99999999989611732     
   1.7172905802882808E-003   2.7010597394767446E-029   1.0000000000012286        17.857143431223488        1.0000000004659106     
   1.7172353544617843E-003   1.3866695599588098E-034   1.0000000000000056        17.857143446208738        1.0000000007057464     
