 u,v,w,pre,tem
   0.0000000000000000        0.0000000000000000        0.0000000000000000        71.428573902095309        1.0017307503415009     
   2.2764761103808881E-007   5.9322340072620098E-030   1.1348876814791211E-002   71.428574083113176        1.0017305577022144     
   8.2128423132254290E-007   3.8875065409291463E-029   2.2766500883300338E-002   71.428573808143184        1.0017299723709612     
   1.7622392943489376E-006  -2.9030081312133236E-030   3.4254167057312997E-002   71.428573868742106        1.0017289900705442     
   3.1509955641332268E-006   1.8301573001127466E-030   4.5812736375912495E-002   71.428573553518845        1.0017276006094793     
   4.9212443093325927E-006   1.1801359142106337E-029   5.7443088428249627E-002   71.428573682233548        1.0017257996879279     
   7.1438976546346018E-006   2.4454688061851363E-030   6.9146028585686581E-002   71.428573550494974        1.0017235769476851     
   9.7719562076174149E-006   4.7331654313260708E-030   8.0922280152673526E-002   71.428573642409987        1.0017209262324027     
   1.2848340870264199E-005  -2.2867105490094077E-030   9.2772480645322744E-002   71.428573588203406        1.0017178382754885     
   1.6358539498980597E-005  -2.6821270777514403E-031  0.10469717371397794        71.428573619807594        1.0017143057984355     
   2.0324203889848233E-005   2.2112757249476489E-031  0.11669680257118706        71.428573602863850        1.0017103199246808     
   2.4746530720435769E-005  -1.7678496145519317E-031  0.12877170714269986        71.428573610952327        1.0017058728052304     
   2.9637485368551168E-005   7.5396305462871513E-032  0.14092211217990119        71.428573607059462        1.0017009558281944     
   3.5003852501827998E-005  -3.9552823267880664E-032  0.15314811862438851        71.428573609049451        1.0016955603789262     
   4.0855034480430827E-005   8.8169072854047660E-033  0.16544970420764640        71.428573607968531        1.0016896780608149     
   4.7199213309690623E-005  -4.5745651004057822E-033  0.17782670822722471        71.428573608848822        1.0016833003553289     
   5.4045160315054968E-005   2.1669768159668552E-035  0.19027882464365065        71.428573608997908        1.0016764187003309     
   6.1401455759161792E-005   4.5849146228681616E-034  0.20280559384729641        71.428573609560019        1.0016690245908937     
   6.9276663326851297E-005  -1.2153279556678571E-035  0.21540639381489618        71.428573609116157        1.0016611095846470     
   7.7679221349776466E-005   2.2881104037559977E-035  0.22808043072992401        71.428573608370129        1.0016526653472901     
   8.6617536028826212E-005   2.4558966878440360E-035  0.24082672195764404        71.428573609394391        1.0016436835181655     
   9.6099297615776630E-005   1.3431314892102837E-039  0.25364410264045600        71.428573607045777        1.0016341561216431     
   1.0613391073055721E-004   5.2012863394867897E-039  0.26653120765253480        71.428573608483347        1.0016240754327168     
   1.1672775625055210E-004   2.4107643740505668E-040  0.27948644717037047        71.428573606613668        1.0016134336870148     
   1.2788935118685394E-004  -8.0566786940425895E-041  0.29250801310040708        71.428573608782642        1.0016022235839706     
   1.3962570623106375E-004  -1.2469567115114430E-043  0.30559387230810819        71.428573606468845        1.0015904382333281     
   1.5194345660593197E-004   1.3819481569879258E-044  0.31874172930047356        71.428573607843660        1.0015780709542721     
   1.6485022152208520E-004  -4.2310686654026864E-045  0.33194904235507428        71.428573607193172        1.0015651156163317     
   1.7835003885846557E-004   1.5675137970282042E-048  0.34521301103770713        71.428573609396850        1.0015515667087711     
   1.9245038512503726E-004   2.8229579135650108E-051  0.35853053671133095        71.428573611005874        1.0015374190449731     
   2.0715584367597304E-004  -1.1561559083944086E-053  0.37189822936012873        71.428573612383758        1.0015226680976757     
   2.2247052150976162E-004   1.4661162026738736E-056  0.38531242090776963        71.428573616541883        1.0015073102443957     
   2.3839787285666331E-004  -4.5212301124105173E-059  0.39876911764054812        71.428573614540397        1.0014913424436194     
   2.5494141613936988E-004  -1.6604851232110487E-060  0.41226400508382111        71.428573613785588        1.0014747625606184     
   2.7210234170266625E-004   1.9658436992421837E-063  0.42579243822956259        71.428573608458478        1.0014575693259182     
   2.8988116420245325E-004  -6.4696255628298547E-066  0.43934940144458745        71.428573612273240        1.0014397623680236     
   3.0827793935346906E-004  -1.8891634436795864E-068  0.45292958127289595        71.428573606099363        1.0014213425515377     
   3.2729512878760196E-004   1.2340359968791880E-069  0.46652729412692595        71.428573615173974        1.0014023119529463     
   3.4692638645979592E-004   3.8232706960687505E-072  0.48013643054516941        71.428573610369440        1.0013826733944267     
   3.6716975042750305E-004  -3.8267995921139820E-074  0.49375060781299024        71.428573614211970        1.0013624316186867     
   3.8802201657528630E-004   2.5336504066493911E-076  0.50736295916181795        71.428573603785452        1.0013415921530069     
   4.0947196186701969E-004   2.2014620765985164E-079  0.52096634613752835        71.428573610093181        1.0013201625827826     
   4.3151523696176812E-004   1.4262666739138148E-081  0.53455318411363484        71.428573611649881        1.0012981515921029     
   4.5414369922352593E-004   9.5791521073756584E-085  0.54811548532944376        71.428573622269212        1.0012755695818032     
   4.7734716492200220E-004  -6.8736619519083445E-089  0.56164494483152561        71.428573625787578        1.0012524286986288     
   5.0110990948813228E-004   7.8519739165657178E-091  0.57513285891366672        71.428573617341357        1.0012287428183972     
   5.2541715344838228E-004  -2.9217979469847529E-094  0.58857014293898435        71.428573612903833        1.0012045277034711     
   5.5024874009016345E-004  -8.6328572731587062E-097  0.60194733375818088        71.428573595501106        1.0011798008520327     
   5.7559472496850539E-004  -1.8528441430677638E-099  0.61525468701401298        71.428573609407835        1.0011545820455523     
   6.0142882761847591E-004   3.6287314581843455E-102  0.62848210596011811        71.428573589178498        1.0011288925702539     
   6.2773113646831980E-004  -4.9870942356903226E-106  0.64161905364176519        71.428573616761796        1.0011027561809542     
   6.5447064531492735E-004   1.6321221137485095E-108  0.65465491879174431        71.428573595968572        1.0010761982084029     
   6.8162643905605265E-004   3.3428178198823946E-111  0.66757862666889534        71.428573630601022        1.0010492466348422     
   7.0917281887539132E-004  -4.4088801796334654E-116  0.68037894342625127        71.428573615954363        1.0010219307766661     
   7.3706533473160102E-004  -2.1393243897227558E-116  0.69304444032335943        71.428573629145689        1.0009942826906506     
   7.6528108529176587E-004  -2.3118213992325646E-119  0.70556348012854064        71.428573629965371        1.0009663359803147     
   7.9377670547714442E-004   7.7905299266149742E-122  0.71792429988110196        71.428573611169341        1.0009381263504655     
   8.2252692469444934E-004   4.0001272374491252E-125  0.73011505395596799        71.428573634554269        1.0009096916838462     
   8.5146892215822475E-004   1.7460849067519294E-127  0.74212378359865427        71.428573571048815        1.0008810709651126     
   8.8058021415159343E-004  -4.2034229577437432E-131  0.75393863655920013        71.428573624075000        1.0008523061757371     
   9.0980830443908810E-004  -1.0601765710886241E-134  0.76554777878396951        71.428573569383772        1.0008234392521802     
   9.3910189541644067E-004  -4.6390668534596957E-138  0.77693947816460185        71.428573640262584        1.0007945153819935     
   9.6843207188896155E-004   1.5725242825717572E-140  0.78810214553991131        71.428573618014127        1.0007655793481436     
   9.9772824258091328E-004   2.8390552762557417E-145  0.79902452952168623        71.428573649751542        1.0007366784164842     
   1.0269483529569989E-003  -2.3250334797072748E-147  0.80969561905300580        71.428573636481815        1.0007078598765335     
   1.0560421330511615E-003   1.8916454402916885E-151  0.82010479367512601        71.428573639624773        1.0006791723624044     
   1.0849573833869842E-003   6.7949392136077880E-154  0.83024189049286090        71.428573621598545        1.0006506645939162     
   1.1136277013723613E-003   1.0833910800659814E-156  0.84009715111491090        71.428573600734452        1.0006223859080858     
   1.1420144788404625E-003   6.4194262100381239E-160  0.84966162420431846        71.428573609961461        1.0005943853661836     
   1.1700659684515762E-003   2.5529611792453391E-163  0.85892678166014280        71.428573588589259        1.0005667117165411     
   1.1977123295425953E-003  -7.2408087175435447E-166  0.86788499790006002        71.428573561642409        1.0005394131792893     
   1.2249086185591538E-003  -1.6272437299354674E-169  0.87652933014253243        71.428573548399669        1.0005125372633514     
   1.2516100486995581E-003   3.4308495953755739E-173  0.88485369985073348        71.428573568895217        1.0004861303087202     
   1.2777505671060000E-003  -3.7545225365763883E-177  0.89285296248102364        71.428573562323194        1.0004602368371351     
   1.3033035843708180E-003  -3.2918893256026353E-181  0.90052295608729882        71.428573646196554        1.0004349002815018     
   1.3282040844067554E-003   2.0744588574851897E-186  0.90786050275423791        71.428573591164394        1.0004101607379270     
   1.3524116795340050E-003  -2.7579344159350022E-188  0.91486343784726465        71.428573652142916        1.0003860579847081     
   1.3758942606559286E-003  -2.2444127733846048E-192  0.92153076305339543        71.428573576113294        1.0003626270598269     
   1.3985932106787770E-003  -2.6755485217387733E-199  0.92786255983281518        71.428573578458298        1.0003399020878145     
   1.4204883969210806E-003   0.0000000000000000       0.93386001371574701        71.428573567059004        1.0003179129942172     
   1.4415487087571946E-003   0.0000000000000000       0.93952546427231465        71.428573603942596        1.0002966870143160     
   1.4617513945497859E-003   0.0000000000000000       0.94486239319549425        71.428573610074508        1.0002762473574836     
   1.4810597854447358E-003   0.0000000000000000       0.94987531545596693        71.428573587874084        1.0002566142079514     
   1.4994613554637026E-003   0.0000000000000000       0.95456996914330972        71.428573605479727        1.0002378039279956     
   1.5169498971344081E-003   0.0000000000000000       0.95895297759704123        71.428573621549944        1.0002198291556148     
   1.5335107260249334E-003   0.0000000000000000       0.96303209387220101        71.428573621920975        1.0002026984313073     
   1.5491418190577181E-003   0.0000000000000000       0.96681596472501463        71.428573619592697        1.0001864167109920     
   1.5638371798855819E-003   0.0000000000000000       0.97031406667245046        71.428573588453702        1.0001709851279954     
   1.5776129530122151E-003   0.0000000000000000       0.97353675242841531        71.428573620880172        1.0001564012648989     
   1.5904765328430422E-003   0.0000000000000000       0.97649501864123678        71.428573583274996        1.0001426583685988     
   1.6024363497162139E-003   0.0000000000000000       0.97920051314527345        71.428573592504222        1.0001297470152359     
   1.6135210267112811E-003   0.0000000000000000       0.98166536907052770        71.428573589321900        1.0001176538229939     
   1.6237468172242717E-003   0.0000000000000000       0.98390214994751690        71.428573592017358        1.0001063624643614     
   1.6331467193783646E-003   0.0000000000000000       0.98592373858166926        71.428573612794963        1.0000958535599160     
   1.6417477586325680E-003   0.0000000000000000       0.98774318549915074        71.428573597202245        1.0000861048507041     
   1.6495814911422070E-003   0.0000000000000000       0.98937367094024453        71.428573605422272        1.0000770918966737     
   1.6566880566942974E-003   0.0000000000000000       0.99082832638839657        71.428573603890982        1.0000687878251804     
   1.6631025142135279E-003   0.0000000000000000       0.99212018438023719        71.428573604416727        1.0000611639595767     
   1.6688653848119198E-003   0.0000000000000000       0.99326207692209112        71.428573605779832        1.0000541898982496     
   1.6740175797639507E-003   0.0000000000000000       0.99426654023646843        71.428573607621871        1.0000478338908336     
   1.6786006297386255E-003   0.0000000000000000       0.99514568767831579        71.428573610832743        1.0000420633629332     
   1.6826562358371938E-003   0.0000000000000000       0.99591122430784929        71.428573610137718        1.0000368447662065     
   1.6862257861745326E-003   0.0000000000000000       0.99657431240732941        71.428573609683525        1.0000321442749112     
   1.6893503239694253E-003   0.0000000000000000       0.99714553964537589        71.428573608002566        1.0000279279121835     
   1.6920699965439759E-003   0.0000000000000000       0.99763488324033966        71.428573608664891        1.0000241618280628     
   1.6944236591383533E-003   0.0000000000000000       0.99805167149803975        71.428573608167696        1.0000208125422869     
   1.6964482862836497E-003   0.0000000000000000       0.99840456406649258        71.428573608142401        1.0000178472237966     
   1.6981792528651652E-003   0.0000000000000000       0.99870153890957458        71.428573608005962        1.0000152338939929     
   1.6996499203583294E-003   0.0000000000000000       0.99894989083642094        71.428573608657473        1.0000129416430934     
   1.7008913338985967E-003   0.0000000000000000       0.99915624631719069        71.428573608109900        1.0000109407386768     
   1.7019321501085438E-003   0.0000000000000000       0.99932656952631493        71.428573608107413        1.0000092028709349     
   1.7027989478569309E-003   0.0000000000000000       0.99946619702905815        71.428573608577565        1.0000077011707269     
   1.7035157595654453E-003   0.0000000000000000       0.99957985790598702        71.428573608873009        1.0000064103818984     
   1.7041042501864424E-003   0.0000000000000000       0.99967171744634942        71.428573608764012        1.0000053068597743     
   1.7045837551469098E-003   0.0000000000000000       0.99974540655326527        71.428573608429261        1.0000043686926385     
   1.7049715681809374E-003   0.0000000000000000       0.99980406932625443        71.428573608737977        1.0000035756671231     
   1.7052827188822675E-003   0.0000000000000000       0.99985040492986221        71.428573608168008        1.0000029092561848     
   1.7055303675028019E-003   0.0000000000000000       0.99988670963231485        71.428573608720384        1.0000023526297421     
   1.7057258922029673E-003   0.0000000000000000       0.99991491943685307        71.428573608515492        1.0000018905856765     
   1.7058789212090568E-003   0.0000000000000000       0.99993665285701705        71.428573608668529        1.0000015095046302     
   1.7059976559180485E-003   0.0000000000000000       0.99995325062829976        71.428573608264173        1.0000011972552643     
   1.7060889449457524E-003   0.0000000000000000       0.99996581232953585        71.428573608397983        1.0000009431359114     
   1.7061585281756544E-003   0.0000000000000000       0.99997523172357416        71.428573608369703        1.0000007377547659     
   1.7062110348409069E-003   0.0000000000000000       0.99998222783846535        71.428573608344720        1.0000005729471422     
   1.7062502911047346E-003   0.0000000000000000       0.99998737338206056        71.428573608465882        1.0000004416674828     
   1.7062793517418190E-003   0.0000000000000000       0.99999111997440138        71.428573608432757        1.0000003378799716     
   1.7063006401756694E-003   0.0000000000000000       0.99999381983731706        71.428573608441383        1.0000002564630563     
   1.7063160754087390E-003   0.0000000000000000       0.99999574483991072        71.428573608379466        1.0000001931015923     
   1.7063271460143214E-003   0.0000000000000000       0.99999710242920581        71.428573608396889        1.0000001441950985     
   1.7063350034616739E-003   0.0000000000000000       0.99999804916939994        71.428573608390138        1.0000001067620801     
   1.7063405155292020E-003   0.0000000000000000       0.99999870181959560        71.428573608395538        1.0000000783579459     
   1.7063443391828841E-003   0.0000000000000000       0.99999914641982202        71.428573608395794        1.0000000569961605     
   1.7063469604867436E-003   0.0000000000000000       0.99999944563000054        71.428573608397613        1.0000000410766241     
   1.7063487360353595E-003   0.0000000000000000       0.99999964448800793        71.428573608396221        1.0000000293237847     
   1.7063499240961393E-003   0.0000000000000000       0.99999977496009884        71.428573608398708        1.0000000207305195     
   1.7063507094018367E-003   0.0000000000000000       0.99999985944124004        71.428573608398736        1.0000000145093202     
   1.7063512217168431E-003   0.0000000000000000       0.99999991340521943        71.428573608398239        1.0000000100510713     
   1.7063515517338069E-003   0.0000000000000000       0.99999994739856746        71.428573608398779        1.0000000068894406     
   1.7063517615859630E-003   0.0000000000000000       0.99999996850733863        71.428573608398679        1.0000000046712909     
   1.7063518932160578E-003   0.0000000000000000       0.99999998142377000        71.428573608398480        1.0000000031321605     
   1.7063519746995525E-003   0.0000000000000000       0.99999998920897726        71.428573608398466        1.0000000020762094     
   1.7063520244640837E-003   0.0000000000000000       0.99999999382908489        71.428573608398438        1.0000000013601509     
   1.7063520544444151E-003   0.0000000000000000       0.99999999652755456        71.428573608398466        1.0000000008803467     
   1.7063520722632791E-003   0.0000000000000000       0.99999999807812223        71.428573608398438        1.0000000005627645     
   1.7063520827098992E-003   0.0000000000000000       0.99999999895423564        71.428573608398466        1.0000000003551934     
   1.7063520887545458E-003   0.0000000000000000       0.99999999944080853        71.428573608398438        1.0000000002212683     
   1.7063520922037164E-003   0.0000000000000000       0.99999999970630171        71.428573608398438        1.0000000001359997     
   1.7063520941469554E-003   0.0000000000000000       0.99999999984855625        71.428573608398438        1.0000000000824452     
   1.7063520952290551E-003   0.0000000000000000       0.99999999992336996        71.428573608398452        1.0000000000492770     
   1.7063520958248536E-003   0.0000000000000000       0.99999999996196998        71.428573608398438        1.0000000000290277     
   1.7063520961470764E-003   0.0000000000000000       0.99999999998149813        71.428573608398438        1.0000000000168463     
   1.7063520963203716E-003   0.0000000000000000       0.99999999999118072        71.428573608398452        1.0000000000096281     
   1.7063520964126157E-003   0.0000000000000000       0.99999999999588374        71.428573608398438        1.0000000000054170     
   1.7063520964604095E-003   0.0000000000000000       0.99999999999811906        71.428573608398452        1.0000000000029989     
   1.7063520964864991E-003   0.0000000000000000       0.99999999999915978        71.428573608398438        1.0000000000016334     
   1.7063520964990773E-003   0.0000000000000000       0.99999999999963252        71.428573608398438        1.0000000000008740     
   1.7063520965054765E-003   0.0000000000000000       0.99999999999984346        71.428573608398452        1.0000000000004603     
   1.7063520965093185E-003   0.0000000000000000       0.99999999999993494        71.428573608398452        1.0000000000002380     
   1.7063520965103919E-003   0.0000000000000000       0.99999999999997369        71.428573608398438        1.0000000000001208     
   1.7063520965118466E-003   0.0000000000000000       0.99999999999999023        71.428573608398466        1.0000000000000606     
   1.7063520965124289E-003   0.0000000000000000       0.99999999999999634        71.428573608398466        1.0000000000000298     
   1.7063520965124599E-003   0.0000000000000000       0.99999999999999867        71.428573608398438        1.0000000000000144     
   1.7063520965124458E-003   0.0000000000000000       0.99999999999999967        71.428573608398438        1.0000000000000071     
   1.7063520965117985E-003   0.0000000000000000       0.99999999999999978        71.428573608398438        1.0000000000000036     
   1.7063520965128387E-003   0.0000000000000000        1.0000000000000000        71.428573608398438        1.0000000000000016     
   1.7063520965128940E-003   0.0000000000000000        1.0000000000000002        71.428573608398438        1.0000000000000007     
   1.7063520965123348E-003   0.0000000000000000        1.0000000000000002        71.428573608398438        1.0000000000000007     
   1.7063520965125566E-003   0.0000000000000000        1.0000000000000000        71.428573608398438        1.0000000000000002     
   1.7063520965124751E-003   0.0000000000000000        1.0000000000000000        71.428573608398438        1.0000000000000002     
   1.7063520965124870E-003   0.0000000000000000        1.0000000000000000        71.428573608398438        1.0000000000000002     
   1.7063520965124857E-003   0.0000000000000000        1.0000000000000000        71.428573608398438        1.0000000000000002     
   1.7063520965124857E-003   0.0000000000000000        1.0000000000000000        71.428573608398438        1.0000000000000002     
   1.7063520965124857E-003   0.0000000000000000        1.0000000000000000        71.428573608398438        1.0000000000000002     
   1.7063520965124857E-003   0.0000000000000000        1.0000000000000000        71.428573608398438        1.0000000000000002     
   1.7063520965124857E-003   0.0000000000000000        1.0000000000000000        71.428573608398438        1.0000000000000002     
   1.7063520965124857E-003   0.0000000000000000        1.0000000000000000        71.428573608398438        1.0000000000000002     
   1.7063520965124857E-003   0.0000000000000000        1.0000000000000000        71.428573608398438        1.0000000000000002     
   1.7063520965124857E-003   0.0000000000000000        1.0000000000000000        71.428573608398438        1.0000000000000002     
   1.7063520965124857E-003   0.0000000000000000        1.0000000000000000        71.428573608398438        1.0000000000000002     
   1.7063520965124857E-003   0.0000000000000000        1.0000000000000000        71.428573608398438        1.0000000000000002     
   1.7063520965124857E-003   0.0000000000000000        1.0000000000000000        71.428573608398438        1.0000000000000002     
   1.7063520965124857E-003   0.0000000000000000        1.0000000000000000        71.428573608398438        1.0000000000000002     
   1.7063520965124857E-003   0.0000000000000000        1.0000000000000000        71.428573608398438        1.0000000000000002     
   1.7063520965124857E-003   0.0000000000000000        1.0000000000000000        71.428573608398438        1.0000000000000002     
   1.7063520965124857E-003   0.0000000000000000        1.0000000000000000        71.428573608398438        1.0000000000000002     
   1.7063520965124857E-003   0.0000000000000000        1.0000000000000000        71.428573608398438        1.0000000000000002     
   1.7063520965124857E-003   0.0000000000000000        1.0000000000000000        71.428573608398438        1.0000000000000002     
   1.7063520965124857E-003   0.0000000000000000        1.0000000000000000        71.428573608398438        1.0000000000000002     
   1.7063520965124857E-003   0.0000000000000000        1.0000000000000000        71.428573608398438        1.0000000000000002     
   1.7063520965124857E-003   0.0000000000000000        1.0000000000000000        71.428573608398438        1.0000000000000002     
   1.7063520965124857E-003   0.0000000000000000        1.0000000000000000        71.428573608398438        1.0000000000000002     
   1.7063520965124857E-003   0.0000000000000000        1.0000000000000000        71.428573608398438        1.0000000000000002     
   1.7063520965124857E-003   0.0000000000000000        1.0000000000000000        71.428573608398438        1.0000000000000002     
   1.7063520965124857E-003   0.0000000000000000        1.0000000000000000        71.428573608398438        1.0000000000000002     
   1.7063520965124857E-003   0.0000000000000000        1.0000000000000000        71.428573608398438        1.0000000000000002     
   1.7063520965124857E-003   0.0000000000000000        1.0000000000000000        71.428573608398438        1.0000000000000002     
   1.7063520965124857E-003   0.0000000000000000        1.0000000000000000        71.428573608398438        1.0000000000000002     
   1.7063520965124857E-003   0.0000000000000000        1.0000000000000000        71.428573608398438        1.0000000000000002     
   1.7063520965124857E-003   0.0000000000000000        1.0000000000000000        71.428573608398438        1.0000000000000002     
   1.7063520965124857E-003   0.0000000000000000        1.0000000000000000        71.428573608398438        1.0000000000000002     
   1.7063520965124857E-003   0.0000000000000000        1.0000000000000000        71.428573608398438        1.0000000000000002     
   1.7063520965124857E-003   0.0000000000000000        1.0000000000000000        71.428573608398438        1.0000000000000002     
   1.7063520965124857E-003   0.0000000000000000        1.0000000000000000        71.428573608398438        1.0000000000000002     
   1.7063520965124857E-003   0.0000000000000000        1.0000000000000000        71.428573608398438        1.0000000000000002     
   1.7063520965124857E-003   0.0000000000000000        1.0000000000000000        71.428573608398438        1.0000000000000002     
   1.7063520965124857E-003   0.0000000000000000        1.0000000000000000        71.428573608398438        1.0000000000000002     
   1.7063520965124857E-003   0.0000000000000000        1.0000000000000000        71.428573608398438        1.0000000000000002     
   1.7063520965124857E-003   0.0000000000000000        1.0000000000000000        71.428573608398438        1.0000000000000002     
   1.7063520965124857E-003   0.0000000000000000        1.0000000000000000        71.428573608398438        1.0000000000000002     
   1.7063520965124857E-003   0.0000000000000000        1.0000000000000000        71.428573608398438        1.0000000000000002     
   1.7063520965124859E-003   0.0000000000000000        1.0000000000000000        71.428573608398438        1.0000000000000002     
   1.7063520965124857E-003   0.0000000000000000        1.0000000000000000        71.428573608398438        1.0000000000000002     
   1.7063520965124857E-003   0.0000000000000000        1.0000000000000000        71.428573608398438        1.0000000000000002     
   1.7063520965124857E-003   0.0000000000000000        1.0000000000000000        71.428573608398438        1.0000000000000002     
   1.7063520965124857E-003   0.0000000000000000        1.0000000000000000        71.428573608398438        1.0000000000000002     
   1.7063520965124857E-003   0.0000000000000000        1.0000000000000000        71.428573608398438        1.0000000000000002     
   1.7063520965124857E-003   0.0000000000000000        1.0000000000000000        71.428573608398438        1.0000000000000002     
   1.7063520965124857E-003   0.0000000000000000        1.0000000000000000        71.428573608398438        1.0000000000000002     
   1.7063520965124857E-003   0.0000000000000000        1.0000000000000000        71.428573608398438        1.0000000000000002     
   1.7063520965124857E-003   0.0000000000000000        1.0000000000000000        71.428573608398438        1.0000000000000002     
   1.7063520965124857E-003   0.0000000000000000        1.0000000000000000        71.428573608398438        1.0000000000000002     
   1.7063520965124857E-003   0.0000000000000000        1.0000000000000000        71.428573608398438        1.0000000000000002     
   1.7063520965124859E-003   0.0000000000000000        1.0000000000000000        71.428573608398438        1.0000000000000002     
   1.7063520965124857E-003   1.9467177638862438E-209   1.0000000000000000        71.428573608398438        1.0000000000000002     
   1.7063520965124857E-003  -2.7409786115518311E-207   1.0000000000000000        71.428573608398438        1.0000000000000002     
   1.7063520965124857E-003   2.2153648153025452E-206   1.0000000000000000        71.428573608398438        1.0000000000000002     
   1.7063520965124857E-003   6.8183886237316772E-202   1.0000000000000000        71.428573608398438        1.0000000000000002     
   1.7063520965124857E-003  -2.7412720457711914E-200   1.0000000000000000        71.428573608398438        1.0000000000000002     
   1.7063520965124857E-003  -3.5116574347821398E-199   1.0000000000000000        71.428573608398438        1.0000000000000002     
   1.7063520965124857E-003   9.7467289543569593E-194   1.0000000000000000        71.428573608398438        1.0000000000000002     
   1.7063520965124857E-003   2.4145905020000950E-192   1.0000000000000000        71.428573608398438        1.0000000000000002     
   1.7063520965124857E-003   1.1670946421599945E-190   1.0000000000000000        71.428573608398438        1.0000000000000002     
   1.7063520965124857E-003  -1.9911424628545738E-185   1.0000000000000000        71.428573608398438        1.0000000000000002     
   1.7063520965124857E-003  -1.1951536370798492E-182   1.0000000000000000        71.428573608398438        1.0000000000000002     
   1.7063520965124857E-003   4.2665116710908411E-181   1.0000000000000000        71.428573608398438        1.0000000000000002     
   1.7063520965124857E-003   2.8213889803905845E-177   1.0000000000000000        71.428573608398438        1.0000000000000002     
   1.7063520965124857E-003   3.6483149230646192E-175   1.0000000000000000        71.428573608398438        1.0000000000000002     
   1.7063520965124857E-003   2.8676684809279896E-173   1.0000000000000000        71.428573608398438        1.0000000000000002     
   1.7063520965124857E-003  -4.1150486866479139E-169   1.0000000000000000        71.428573608398438        1.0000000000000002     
   1.7063520965124857E-003  -2.6245991089093420E-167   1.0000000000000000        71.428573608398438        1.0000000000000002     
   1.7063520965124857E-003  -1.1021572373489355E-166   1.0000000000000000        71.428573608398438        1.0000000000000002     
   1.7063520965124857E-003   2.6361189205720397E-160   1.0000000000000000        71.428573608398438        1.0000000000000002     
   1.7063520965124857E-003   5.9791233562869999E-162   1.0000000000000000        71.428573608398438        1.0000000000000002     
   1.7063520965124857E-003   3.2516163246763855E-154   1.0000000000000000        71.428573608398438        1.0000000000000002     
   1.7063520965124857E-003   1.0906066758383382E-153   1.0000000000000000        71.428573608398438        1.0000000000000002     
   1.7063520965124857E-003  -1.2812472939868096E-150   1.0000000000000000        71.428573608398438        1.0000000000000002     
   1.7063520965124857E-003   1.1220223173343545E-145   1.0000000000000000        71.428573608398438        1.0000000000000002     
   1.7063520965124857E-003  -1.0430298915282770E-145   1.0000000000000000        71.428573608398438        1.0000000000000002     
   1.7063520965124857E-003  -3.4049342984121529E-143   1.0000000000000000        71.428573608398438        1.0000000000000002     
   1.7063520965124857E-003  -9.8669186957273626E-139   1.0000000000000000        71.428573608398438        1.0000000000000002     
   1.7063520965124857E-003   2.6662458931413575E-136   1.0000000000000000        71.428573608398438        1.0000000000000002     
   1.7063520965124857E-003  -5.1824411795506046E-135   1.0000000000000000        71.428573608398438        1.0000000000000002     
   1.7063520965124857E-003  -6.1082694182472238E-130   1.0000000000000000        71.428573608398438        1.0000000000000002     
   1.7063520965124857E-003   8.6710862144807913E-130   1.0000000000000000        71.428573608398438        1.0000000000000002     
   1.7063520965124857E-003   1.0534351469581025E-127   1.0000000000000000        71.428573608398438        1.0000000000000002     
   1.7063520965124859E-003   1.1167593538855508E-122   1.0000000000000000        71.428573608398438        1.0000000000000002     
   1.7063520965124857E-003  -9.0094187438485481E-122   1.0000000000000000        71.428573608398438        1.0000000000000002     
   1.7063520965124857E-003  -1.7788620565327605E-119   1.0000000000000000        71.428573608398438        1.0000000000000002     
   1.7063520965124857E-003   8.5879049866719268E-116   1.0000000000000000        71.428573608398438        1.0000000000000002     
   1.7063520965124857E-003   1.2914524546020460E-113   1.0000000000000000        71.428573608398438        1.0000000000000002     
   1.7063520965124857E-003  -8.9781989131440545E-112   1.0000000000000000        71.428573608398438        1.0000000000000002     
   1.7063520965124857E-003  -1.2372238567917744E-107   1.0000000000000000        71.428573608398438        1.0000000000000002     
   1.7063520965124857E-003   3.0168841648167848E-106   1.0000000000000000        71.428573608398438        1.0000000000000002     
   1.7063520965124857E-003  -8.7924148154824789E-105   1.0000000000000000        71.428573608398438        1.0000000000000002     
   1.7063520965124857E-003   2.6889625191260254E-100   1.0000000000000000        71.428573608398438        1.0000000000000002     
   1.7063520965124857E-003   4.9585513121565945E-099   1.0000000000000000        71.428573608398438        1.0000000000000002     
   1.7063520965124857E-003  -2.5093240545170083E-096   1.0000000000000000        71.428573608398438        1.0000000000000002     
   1.7063520965124857E-003   2.6374968753483916E-092   1.0000000000000000        71.428573608398438        1.0000000000000002     
   1.7063520965124857E-003  -4.1197732711576505E-093   1.0000000000000000        71.428573608398438        1.0000000000000002     
   1.7063520965124857E-003  -3.8071127264074165E-088   1.0000000000000000        71.428573608398438        1.0000000000000002     
   1.7063520965124857E-003  -8.4825942277221227E-086   1.0000000000000000        71.428573608398438        1.0000000000000002     
   1.7063520965124857E-003  -6.9940682358588814E-085   1.0000000000000000        71.428573608398438        1.0000000000000002     
   1.7063520965124859E-003   8.9616607560723927E-081   1.0000000000000000        71.428573608398438        1.0000000000000002     
   1.7063520965124857E-003  -7.7348513679385694E-078   1.0000000000000000        71.428573608398438        1.0000000000000002     
   1.7063520965124857E-003  -1.0597778450506930E-077   1.0000000000000000        71.428573608398438        1.0000000000000002     
   1.7063520965124857E-003   8.6674683853719216E-073   1.0000000000000000        71.428573608398438        1.0000000000000002     
   1.7063520965124857E-003   1.0739203146777913E-070   1.0000000000000000        71.428573608398438        1.0000000000000002     
   1.7063520965124857E-003   5.0740769533127550E-071   1.0000000000000000        71.428573608398438        1.0000000000000002     
   1.7063520965124857E-003   5.7701852722581899E-065   1.0000000000000000        71.428573608398438        1.0000000000000002     
   1.7063520965124857E-003  -1.1193478487104174E-063   1.0000000000000000        71.428573608398438        1.0000000000000002     
   1.7063520965124857E-003  -1.5496589700045310E-063   1.0000000000000000        71.428573608398438        1.0000000000000002     
   1.7063520965124857E-003   1.7311713144918002E-058   1.0000000000000000        71.428573608398438        1.0000000000000002     
   1.7063520965124857E-003   9.0174052779019775E-057   1.0000000000000000        71.428573608398438        1.0000000000000002     
   1.7063520965124857E-003  -1.8534355046484779E-055   1.0000000000000000        71.428573608398438        1.0000000000000002     
   1.7063520965124857E-003   4.8851796406500327E-051   1.0000000000000000        71.428573608398438        1.0000000000000002     
   1.7063520965124857E-003   1.2675603358704923E-050   1.0000000000000000        71.428573608398438        1.0000000000000002     
   1.7063520965124857E-003   4.6503454071868407E-048   1.0000000000000000        71.428573608398438        1.0000000000000002     
   1.7063520965124857E-003   1.0717702498511454E-043   1.0000000000000000        71.428573608398438        1.0000000000000002     
   1.7063520965124868E-003  -1.2201141171874450E-042   1.0000000000000000        71.428573608398438        1.0000000000000002     
   1.7063520965124744E-003   1.4659792923070829E-041   1.0000000000000000        71.428573608398438        1.0000000000000002     
   1.7063520965126160E-003   1.4475570081903364E-040   1.0000000000000000        71.428573608398438        1.0000000000000002     
   1.7063520965114171E-003   4.9546972092789222E-039   1.0000000000000002        71.428573608398438        1.0000000000000002     
   1.7063520965187591E-003  -2.1668478789302483E-035   1.0000000000000000        71.428573608398551        1.0000000000000004     
   1.7063520964198514E-003  -6.9814960484037308E-036   1.0000000000000000        71.428573608397784       0.99999999999999756     
   1.7063520964982397E-003   2.3111159332646829E-034   1.0000000000000000        71.428573608403127        1.0000000000000187     
   1.7063520897554619E-003  -2.2764491942657128E-033  0.99999999999999989        71.428573608389598       0.99999999999996458     
   1.7063521114107172E-003  -1.5792625543975333E-033   1.0000000000000031        71.428573608690073        1.0000000000011657     
   1.7063520569625813E-003   1.2818989709841445E-032  0.99999999999997824        71.428573606441191       0.99999999999217337     
   1.7063520179230510E-003  -1.0807394401527863E-030   1.0000000000000904        71.428573616707354        1.0000000000332345     
   1.7063364923576303E-003  -2.6481536735324496E-036   1.0000000000000002        71.428573621073681        1.0000000000507008     
